4.166667 16.666666 8.800000
4.166667 16.666666 8.800000
8.333333 33.333332 5.400000
8.333333 33.333332 5.400000
21.666666 55.333332 31.000000
21.666666 55.333332 31.000000
22.829865 32.038357 27.600000
22.829865 33.838360 27.600000
23.229864 32.038357 27.600000
23.229864 33.838360 27.600000
23.629864 32.038357 27.600000
23.629864 33.838360 27.600000
23.666666 33.333332 28.000000
23.689405 33.136158 27.799999
23.711906 32.939007 27.600000
23.734022 32.741894 27.400000
23.755606 32.544830 27.200001
23.776525 32.347836 27.000000
23.796661 32.150936 26.799999
23.815910 31.954149 26.600000
23.834190 31.757494 26.400000
23.851433 31.561005 26.200001
23.867584 31.364708 26.000000
23.882608 31.168640 25.799999
23.896490 30.972837 25.600000
23.909227 30.777342 25.400000
23.920837 30.582193 25.200001
23.931345 30.387449 25.000000
23.940794 30.193159 24.799999
23.949228 29.999376 24.600000
23.956709 29.806160 24.400000
23.963297 29.613573 24.200001
23.969063 29.421682 24.000000
23.974073 29.230539 23.799999
23.978394 29.040207 23.600000
23.982100 28.850739 23.400000
23.985254 28.662180 23.200001
23.987923 28.474577 23.000000
23.990166 28.287956 22.799999
23.992041 28.102333 22.600000
23.993597 27.917715 22.400000
23.994879 27.734091 22.200001
23.995928 27.551428 22.000000
23.996786 27.369688 21.799999
23.997484 27.188805 21.600000
23.998053 27.008703 21.400000
23.998514 26.829292 21.200001
23.998899 26.650461 21.000000
23.999222 26.472094 20.799999
23.999502 26.294065 20.600000
23.999756 26.116240 20.400000
24.000000 25.938480 20.200001
26.000000 18.839046 25.799999
26.000000 19.036465 25.600000
26.000000 19.233715 25.400000
26.000000 19.430775 25.200001
26.000000 19.627628 25.000000
26.000000 19.824253 24.799999
26.000000 20.020622 24.600000
26.000000 20.216709 24.400000
26.000000 20.412481 24.200001
26.000000 20.607897 24.000000
26.000000 20.802906 23.799999
26.000000 20.997463 23.600000
26.000000 21.191504 23.400000
26.000000 21.384947 23.200001
26.000000 21.577709 23.000000
26.000000 21.769682 22.799999
26.000000 21.960741 22.600000
26.000000 22.150724 22.400000
26.000000 22.339441 22.200001
26.000000 22.526653 22.000000
26.000000 22.712074 21.799999
26.000000 22.895334 21.600000
26.000000 23.075981 21.400000
26.000000 23.253447 21.200001
26.000000 23.427015 21.000000
26.000000 23.595797 20.799999
26.000000 23.758713 20.600000
26.000000 23.914459 20.400000
26.000000 24.061560 20.200001
26.017351 18.641554 26.000000
26.048950 18.444065 26.200001
26.080547 18.246576 26.400000
26.112146 18.049088 26.600000
26.143745 17.851599 26.799999
26.170135 16.161644 27.600000
26.170135 17.961643 27.600000
26.175343 17.654110 27.000000
26.206940 17.456621 27.200001
26.238539 17.259132 27.400000
26.270136 17.061644 27.600000
26.301735 16.864155 27.799999
26.333334 16.666666 28.000000
26.570137 16.161644 27.600000
26.570137 17.961643 27.600000
26.970137 16.161644 27.600000
26.970137 17.961643 27.600000
28.333334 52.666668 31.000000
28.333334 52.666668 31.000000
41.666668 33.333332 5.400000
41.666668 33.333332 5.400000
44.750000 25.106554 0.200000
44.750000 25.106554 0.200000
44.750000 25.106554 0.400000
44.750000 25.106554 0.400000
44.750000 25.106554 0.600000
44.750000 25.106554 0.600000
44.750000 25.106554 0.800000
44.750000 25.106554 0.800000
44.750000 25.106554 1.000000
44.750000 25.106554 1.000000
44.750000 25.106554 1.200000
44.750000 25.106554 1.200000
44.750000 25.106554 1.400000
44.750000 25.106554 1.400000
44.750000 25.106554 1.600000
44.750000 25.106554 1.600000
44.750000 25.106554 1.800000
44.750000 25.106554 1.800000
44.750000 25.106554 2.000000
44.750000 25.106554 2.000000
44.750000 25.106554 2.200000
44.750000 25.106554 2.200000
44.750000 25.106554 2.400000
44.750000 25.106554 2.400000
44.750000 25.106554 2.600000
44.750000 25.106554 2.600000
44.750000 25.106554 2.800000
44.750000 25.106554 2.800000
44.750000 25.106554 3.000000
44.750000 25.106554 3.000000
44.750000 25.106554 3.200000
44.750000 25.106554 3.200000
44.750000 25.106554 3.400000
44.750000 25.106554 3.400000
44.750000 25.106554 3.600000
44.750000 25.106554 3.600000
44.750000 25.106554 3.800000
44.750000 25.106554 3.800000
44.750000 25.106554 4.000000
44.750000 25.106554 4.000000
44.750000 25.106554 4.200000
44.750000 25.106554 4.200000
44.750000 25.106554 4.400000
44.750000 25.106554 4.400000
44.750000 25.106554 4.600000
44.750000 25.106554 4.600000
44.750000 25.106554 4.800000
44.750000 25.106554 4.800000
44.750000 25.106554 5.000000
44.750000 25.106554 5.000000
44.750000 25.106554 5.200000
44.750000 25.106554 5.200000
45.833332 16.666666 8.800000
45.833332 16.666666 8.800000
49.000000 24.956068 5.600000
49.000000 24.956068 5.600000
49.000000 24.956068 5.800000
49.000000 24.956068 5.800000
49.000000 24.956068 6.000000
49.000000 24.956068 6.000000
49.000000 24.956068 6.200000
49.000000 24.956068 6.200000
49.000000 24.956068 6.400000
49.000000 24.956068 6.400000
49.000000 24.956068 6.600000
49.000000 24.956068 6.600000
49.000000 24.956068 6.800000
49.000000 24.956068 6.800000
49.000000 24.956068 7.000000
49.000000 24.956068 7.000000
49.000000 24.956068 7.200000
49.000000 24.956068 7.200000
49.000000 24.956068 7.400000
49.000000 24.956068 7.400000
49.000000 24.956068 7.600000
49.000000 24.956068 7.600000
49.000000 24.956068 7.800000
49.000000 24.956068 7.800000
49.000000 24.956068 8.000000
49.000000 24.956068 8.000000
49.000000 24.956068 8.200000
49.000000 24.956068 8.200000
49.000000 24.956068 8.400000
49.000000 24.956068 8.400000
49.000000 24.956068 8.600000
49.000000 24.956068 8.600000
50.039482 28.033382 15.600000
50.039482 29.833382 15.600000
50.133331 29.333334 16.000000
50.136333 29.138742 15.800000
50.139317 28.944662 15.600000
50.142288 28.751450 15.400000
50.145237 28.559479 15.200000
50.148167 28.369148 15.000000
50.151066 28.180880 14.800000
50.153927 27.995127 14.600000
50.156738 27.812370 14.400000
50.159500 27.633108 14.200000
50.160511 20.166618 15.600000
50.160511 21.966618 15.600000
50.162197 27.457853 14.000000
50.164822 27.287127 13.800000
50.167370 27.121454 13.600000
50.169834 26.961348 13.400000
50.172207 26.807289 13.200000
50.174480 26.659729 13.000000
50.176647 26.519073 12.800000
50.178707 26.385668 12.600000
50.180653 26.259787 12.400000
50.182480 26.141630 12.200000
50.184185 26.031313 12.000000
50.185760 25.928862 11.800000
50.187210 25.834208 11.600000
50.188541 25.747194 11.400000
50.189758 25.667572 11.200000
50.190868 25.595009 11.000000
50.191879 25.529081 10.800000
50.192795 25.469294 10.600000
50.193623 25.415087 10.400000
50.194378 25.365837 10.200000
50.194862 25.333815 12.000000
50.195068 25.320862 10.000000
50.195705 25.279442 9.800000
50.196301 25.240822 9.600000
50.196857 25.204216 9.400000
50.197403 25.168823 9.200000
50.197941 25.133839 9.000000
50.197941 25.133839 9.000000
50.197941 25.133839 9.200000
50.197941 25.133839 9.400000
50.197941 25.133839 9.600000
50.197941 25.133839 9.800000
50.197941 25.133839 10.000000
50.197941 25.133839 10.200000
50.197941 25.133839 10.400000
50.197941 25.133839 10.600000
50.197941 25.133839 10.800000
50.197941 25.133839 11.000000
50.197941 25.133839 11.200000
50.197941 25.133839 11.400000
50.197941 25.133839 11.600000
50.197941 25.133839 11.800000
50.208210 24.466209 12.200000
50.211288 24.266233 12.400000
50.214363 24.066257 12.600000
50.217442 23.866282 12.800000
50.220516 23.666306 13.000000
50.223595 23.466330 13.200000
50.226669 23.266354 13.400000
50.229748 23.066378 13.600000
50.232822 22.866402 13.800000
50.235901 22.666426 14.000000
50.238976 22.466450 14.200000
50.242054 22.266474 14.400000
50.245129 22.066498 14.600000
50.248207 21.866522 14.800000
50.251282 21.666546 15.000000
50.254360 21.466570 15.200000
50.257435 21.266594 15.400000
50.260513 21.066618 15.600000
50.263588 20.866642 15.800000
50.266666 20.666666 16.000000
50.439484 28.033382 15.600000
50.439484 29.833382 15.600000
50.560513 20.166618 15.600000
50.560513 21.966618 15.600000
50.839481 28.033382 15.600000
50.839481 29.833382 15.600000
50.960510 20.166618 15.600000
50.960510 21.966618 15.600000
